TESTING:  5
842   49.37665454341213
937   59.35790973275731
893   73.76672053780987
941   72.59458197515939
887   48.96578612855184

TESTING:  10
645   61.79285018683163
678   67.49603254867442
600   28.797545102546433
668   66.95383015896961
678   65.72985612300266

TESTING:  15
153   59.70700687180512
99   65.05997094935672
88   65.46115516123449
129   57.64207635647376
204   50.6281545319939

TESTING:  20
121   52.063688768766504
73   65.49861193836401
87   68.47556956289303
115   51.78057392228784
97   58.53420468321362

TESTING:  25
92   50.56198580412211
118   51.64868949598696
105   48.50291980259916
92   57.13136524814487
118   48.117379387350056

TESTING:  30
105   51.74174383445531
109   48.61012277962667
92   54.91941363076642
102   44.42314488910958
106   59.50415269538772

TESTING:  40
96   47.93243030407741
110   53.391901048246545
103   50.559910248516935
99   49.03616131665823
113   50.2428846707949

TESTING:  50
111   38.98627522881456
129   38.4598085514186
105   46.641795993752204
98   47.29720211571181
102   49.23072389802668

TESTING:  75
117   24.66544698114947
105   45.11203761078749
77   48.62107098444725
100   39.31473897643629
109   43.83912204420351

TESTING:  100
98   40.8262116467392
102   38.042873056522964
114   33.79237247802324
101   28.243235799948472
111   28.87889709936624

Task3TESTING:  1
35.21337269594632
33.24237998962849
34.413588592092175
34.31202863630473
33.86370779419765

Task3TESTING:  2
59.36023793680452
60.50685752226671
55.578606866801664
61.46443867304975
55.977091463922356

Task3TESTING:  4
99.63762514386657
94.73951458509292
110.1648798835942
97.08941757483083
114.83866549024214

Task3TESTING:  8
189.9065003565101
200.0943722909859
194.0588263122244
195.12446678716472
178.89163742173997

Task3TESTING:  16
297.1695393547192
302.4657389847356
291.3857612537616
302.2001555778797
306.3778470569063

Task3TESTING:  32
30.320936337772338
32.16043207383951
33.051153497790374
29.731701909463347
28.306244821102002

Task3TESTING:  64
38.36657933641804
42.5300635614781
40.64523038808385
39.750079556544804
47.23248186991622

Task3TESTING:  128
50.914091082347426
30.923221135787234
36.355246858542145
36.88758143470764

Task3TESTING:  256
44.26000513950008
29.945031815255295
38.10090576238562
40.31062271809482
33.16216902455671
39.29510496184417
vagrant@ubuntu-focal:/vagrant/cw2$ sudo tc qdisc del dev lo root
vagrant@ubuntu-focal:/vagrant/cw2$ sudo tc qdisc add dev lo root netem loss 5% delay 25ms rate 10mbit
vagrant@ubuntu-focal:/vagrant/cw2$ python3 part3TestRunner.py

Task3TESTING:  1
9.474998569352113
10.302823324160704
10.896093968505902
11.400712992616437
11.504244639688116

Task3TESTING:  2
18.0486371449874
19.511202200914404
20.724381527294018
18.55419118711224

Task3TESTING:  4
18.651437358181013
32.4410148116743
30.49085387017865
31.63588315469483
36.21016584427195

Task3TESTING:  8
30.05114234920481
52.95615209194028
56.458589100538816
61.84039715217139
63.91565136727625
63.313939538808356

Task3TESTING:  16
108.04354659016599
103.54979254628599
105.647886240786
101.97156736329612

Task3TESTING:  32
102.12638873264608
172.96091235155026
165.12142896536
172.88283904714734
164.3543060722252
173.19428333882192

Task3TESTING:  64
252.0588120393516
232.50519204308677
215.23812002579166
239.73905988454425

Task3TESTING:  128
256.1091906625313
68.13613346326827
79.27142977712391
78.85546791807654
54.2917530198569

Task3TESTING:  256
76.5948864410519
87.38156818587287
79.93413082562823
79.34281985984336
78.63910206799136
59.712678945650694
vagrant@ubuntu-focal:/vagrant/cw2$ sudo tc qdisc del dev lo root
vagrant@ubuntu-focal:/vagrant/cw2$ sudo tc qdisc add dev lo root netem loss 5% delay 100ms rate 10mbit
vagrant@ubuntu-focal:/vagrant/cw2$ python3 part3TestRunner.py

Task3TESTING:  1
2.7770929380035554
2.7683130325269376
2.8762042920296267
2.901876279958337
2.7848162818679487

Task3TESTING:  2
5.004815618611244
5.276068647187974
5.277093295129076
5.305159569860799

Task3TESTING:  4
5.259412897167755
9.140803932032652
9.546374840648141
9.542502667769687
9.048713821300522

Task3TESTING:  8
9.3528142266766
16.467817386395023
16.488808940451488
15.305152452630193
17.61720039371582

Task3TESTING:  16
16.34724740869588
26.938450877315262
27.290584327852518
27.908352345352007
28.360785317654805
26.614153475740416

Task3TESTING:  32
44.88749618850827
50.141019013469354
47.886488544587465
47.73396040572348

Task3TESTING:  64
48.39040058632198
79.26685127103012
84.02179969486583
70.64681835947883
70.86780627213064
67.47784545957425

Task3TESTING:  128
55.7344949709561
89.71329082954773
95.73520416638564
85.04740873224547

Task3TESTING:  256
85.1100793447609
61.00726645152239
55.113376588999095
49.10399680079566
26.778997841853364
54.46207811181053


Task4TESTING:  1
10.224060620406648
9.89177459497142
10.162191345945576
9.60515252772721
9.44397100637189

Task4TESTING:  2
23.131244146873374
23.69678225710758
23.574722797986976
22.245775976804484
19.356511120297764

Task4TESTING:  4
20.554538344379214
45.3436141375904
39.11427120189394
38.79848722434344
40.20466785376384

Task4TESTING:  8
70.04691682319425
86.5503856116152
84.09639182611004
81.07150349775391
77.59737439188467

Task4TESTING:  16
147.43337842050013
141.45892923482984
140.62470143168508
144.60705450967689

Task4TESTING:  32
80.69642067595416
226.4533816665974
230.90410398688897
130.6423705424741
273.9992687839281

Task4TESTING:  64
242.42846627071737
210.6219691443485
213.71531037387263
412.87418917062865
374.5405878257937

Task4TESTING:  128
424.4140861914191
101.41434746680474
104.1322479119574
62.69589946640824
115.53742929042045
121.70534310455771

Task4TESTING:  256
131.21320279430657
95.09432932217429
145.128761809489
136.19668682752808
123.9227171610338